41 99
9 22
60 39
84 29
92 72
50 47
72 16
5 88
18 71
3 49
95 58
84 98
27 46
46 29
4 100
72 92
79 95
26 14
7 35
21 49
17 40
94 2
80 26
19 89
53 82
13 11
3 100
22 70
26 10
74 53
71 23
42 96
16 64
56 81
59 1
58 67
48 93
7 63
17 29
24 23
58 61
94 72
35 60
91 100
92 74
31 52
71 35
62 100
48 4
71 61
81 7
48 25
74 43
84 37
71 37
26 26
7 28
90 20
66 85
22 39
63 69
37 94
26 13
99 9
95 12
26 93
71 14
90 40
89 36
73 7
33 87
93 13
94 22
59 43
65 79
100 97
19 37
11 67
85 43
7 44
69 66
2 81
30 4
64 57
58 3
55 32
23 78
41 99
25 90
62 98
54 85
51 67
41 95
87 79
82 38
44 39
6 1
56 38
15 37
99 14
0 0
